camera_id: cam-01
frame_width: 2560
frame_height: 1440
intrinsic_matrix:
- - 7065.931808970091
  - 0.0
  - 1274.5081742347754
- - 0.0
  - 6798.726110755873
  - 729.3720977034591
- - 0.0
  - 0.0
  - 1.0
distortion_coefficients:
- -6.17284366489947
- 129.74134423784494
- -0.008691168967061473
- 0.10453488122990463
- -1269.9744845055923
distortion_correction_mode: line_based_v1
homography_matrix:
- - -0.32844243687723906
  - 15.11060769286144
  - -4220.483646590368
- - -3.77234758286164
  - 5.9231405881647285
  - 7156.891604104951
- - 8.560419897824846e-05
  - 0.0050598520513835
  - 1.0
floor_plan_image: plan.png
rtsp_url: rtsp://viewer:Pass4Camera!@192.168.50.245
anchor_point: bottom_center
camera_points_space: undistorted
coverage_polygon: []
point_pairs: []
homography_stats:
  reprojection_error: 24.93823671293358
  inlier_reprojection_error: 24.93823671293358
  median_reprojection_error: 21.035480861292413
  max_reprojection_error: 64.27676646807035
  source_coverage: 0.8703805533626776
  destination_coverage: 0.8353466509861441
  inliers: 27
  total_pairs: 0
  inlier_mask:
  - true
  - true
  - true
  - true
  - true
  - true
  - true
  - true
  - true
  - true
  - true
  - true
  - true
  - true
  - true
  - true
  - true
  - true
  - true
  - true
  - true
  - true
  - true
  - true
  - true
  - true
  - true
  estimator: ALL_POINTS
  homography_method: all_points
  ransac_reproj_threshold: 5
  confidence: 0.999
  max_iterations: 10000
homography_ground:
- - -0.32844243687723906
  - 15.11060769286144
  - -4220.483646590368
- - -3.77234758286164
  - 5.9231405881647285
  - 7156.891604104951
- - 8.560419897824846e-05
  - 0.0050598520513835
  - 1.0
line_constraints:
- - - 3.433935645120725
    - 1155.7081545064377
  - - 101.30113886443662
    - 982.6609442060085
  - - 187.83635013204227
    - 850.8154506437768
- - - 316.6089859469316
    - 752.9613733905579
  - - 258.91884510186117
    - 443.94849785407723
  - - 236.25486119844066
    - 32.96137339055794
- - - 593.7276982205735
    - 497.5107296137339
  - - 566.9429899710765
    - 232.78969957081543
  - - 559.7317223654427
    - 2.060085836909871
- - - 418.59691351232397
    - 647.5536454491349
  - - 370.1784024459256
    - 711.4163063933408
  - - 319.69952920648893
    - 780.4291819298215
- - - 1210.8061690455233
    - 341.9742489270386
  - - 1394.1784024459257
    - 346.09442060085837
  - - 1814.4922857457245
    - 370.8154506437768
  - - 2032.890676087777
    - 392.44635193133047
- - - 2090.5808169328475
    - 462.1459201272465
  - - 2107.063714317153
    - 264.3776797838989
  - - 2107.063714317153
    - 0.6866926594353541
- - - 2307.9490261883807
    - 557.9399036849517
  - - 2334.7337344378775
    - 291.1587878051234
  - - 2334.7337344378775
    - 13.047199822290771
- - - 2143.120052345322
    - 1384.0343557202252
  - - 2203.90073644995
    - 1255.2789909133583
  - - 2267.771963814135
    - 1092.5322097974786
- - - 1496.166330011318
    - 1099.0557939914163
  - - 1725.8967123050807
    - 1104.2060085836908
  - - 1907.208583532445
    - 1102.145922746781
- - - 490.709589568662
    - 1149.1845703125
  - - 372.23876461896384
    - 1122.4034544326717
  - - 257.8886640153421
    - 1093.5622527159335
- - - 505.1321247799296
    - 1149.527896995708
  - - 609.1804145183602
    - 974.4206008583691
  - - 695.7156257859658
    - 841.5450643776824
- - - 431.9892676370725
    - 705.2360410240075
  - - 535.0073762889839
    - 710.3862556162821
  - - 645.2367525465293
    - 714.5064272901019
- - - 834.7900724660464
    - 1421.115900784603
  - - 717.3494286028673
    - 1399.4849994970493
  - - 630.8142173352617
    - 1379.9141840464056
- - - 1794.9188451018613
    - 561.7167408169595
  - - 1869.0918833312376
    - 565.8369124907792
  - - 1947.3856459066903
    - 570.9871270830539
- - - 1825.8242776974348
    - 681.8884120171673
  - - 1862.910796812123
    - 799.31330472103
  - - 1901.02749701333
    - 939.3991416309012
- - - 1114.9993279992457
    - 323.4334763948498
  - - 954.2910785022636
    - 326.52360515021456
  - - 823.4580805143361
    - 330.6437768240343
- - - 1152.0858471139336
    - 269.87124463519314
  - - 959.4419839348592
    - 276.0515021459227
  - - 825.5184426873743
    - 281.20171673819743
- - - 997.5586841360665
    - 659.5708259287821
  - - 1015.0717626068914
    - 840.8583795768508
  - - 1031.5546599911972
    - 999.4849890189109
- - - 669.961098622988
    - 578.8841201716738
  - - 643.176390373491
    - 610.8154506437768
  - - 512.3433923855634
    - 750.901287553648
- - - 2494.4118028483404
    - 998.4549461004559
  - - 2411.997315926811
    - 847.0386370875805
  - - 2339.884639870473
    - 734.7639589759924
  - - 2288.3755855445174
    - 661.6309117656921
- - - 655.5385634117204
    - 483.7768135561963
  - - 746.1944990254025
    - 481.71672771928644
  - - 839.9409778986419
    - 479.65664188237656
- - - 2344.0053642165494
    - 1224.7210300429183
  - - 2374.910796812123
    - 1103.175965665236
  - - 2396.5445996290246
    - 1003.2618025751073
- - - 1039.7961086833502
    - 1117.9399246412286
  - - 1159.2971147195674
    - 1260.0858473880096
  - - 1291.1602937940143
    - 1405.3218988901556
- - - 186.80616904552315
    - 975.450643776824
  - - 184.74580687248493
    - 1078.4549356223176
  - - 187.83635013204227
    - 1184.549356223176
- - - 1354.0013400716803
    - 600.5150214592275
  - - 1267.4661288040745
    - 554.1630901287554
  - - 1195.3534527477366
    - 516.0515021459228
line_based_distortion:
  model: line_based_radial_v1
  k1: -0.49969135802469133
  center:
  - 1274.5081742347754
  - 729.3720977034591
  center_norm:
  - 0.49785475556045916
  - 0.5065084011829577
  source_image_width: 2560
  source_image_height: 1440
  scale_mode: max_dim
line_based_stats:
  mean_line_error: 0.8893906772655139
  max_line_error: 3.0955084822296164
  line_errors:
  - 3.0955084822296164
  - 2.982005333551254
  - 1.9904323250518847
  - 0.04982501769747894
  - 1.6981914245069663
  - 2.2002033893262105
  - 0.25937209241430914
  - 1.648283747197724
  - 0.9687476011915792
  - 0.009779171349996937
  - 1.0594578803151764
  - 0.3225577190583507
  - 0.6599628074425108
  - 0.1304376841794394
  - 0.9358848414702662
  - 0.06705105064927265
  - 0.26930161419393345
  - 0.0012506316767079144
  - 1.0776159512928514
  - 0.7332610754866669
  - 0.09090142157635467
  - 0.151061453186707
  - 1.1106752518647778
  - 0.6498321696707324
  - 0.07316679505707789
  line_count: 25
  total_points: 77
