camera_id: cam-01
frame_width: 2560
frame_height: 1440
intrinsic_matrix:
- - 7065.931808970091
  - 0.0
  - 1274.5081742347754
- - 0.0
  - 6798.726110755873
  - 729.3720977034591
- - 0.0
  - 0.0
  - 1.0
distortion_coefficients:
- -6.17284366489947
- 129.74134423784494
- -0.008691168967061473
- 0.10453488122990463
- -1269.9744845055923
distortion_correction_mode: frame_preprocess
homography_matrix:
- - -0.4735388264894924
  - 14.846967560609224
  - -4005.113457225987
- - -3.9268890904214127
  - 5.689952534130184
  - 7155.844651883444
- - 1.098458672026e-05
  - 0.005003886410349528
  - 1.0
floor_plan_image: plan.png
rtsp_url: rtsp://viewer:Pass4Camera!@192.168.50.245
anchor_point: bottom_center
camera_points_space: undistorted
coverage_polygon: []
point_pairs: []
homography_stats:
  reprojection_error: null
  inlier_reprojection_error: null
  median_reprojection_error: null
  max_reprojection_error: null
  source_coverage: null
  destination_coverage: null
  inliers: 0
  total_pairs: 0
  inlier_mask: []
